Primero:

1 2 4 8 16 32 


Segundo:

1) 2 3 4 5 or 2 3 4 5 (x1) [1,0,0,0,0,0] -> [1,1,1,1,1,0]  5
2) 3 4 3 4 or 3 4 (x2) [1,2,1,1,1,0] -> [1,2,3,3,1,0] 10
3) 4 5 4 5 4 5 4 5 or 4 5 (x4) [1,2,4,3,1,0] -> [1,2,4,7,5,0] 19
4) 5 5 5 5 5 5 5 5 or 5 (x8) [1,2,4,8,5,0] -> [1,2,4,8,13,0] 28
5) 0 0 0 0 0 0 0 0 0 0 0 0 0 0 or 0 (x14) [1,2,4,8,14,0] -> [1,2,4,8,14,0] 29
6) 0 or 0 (x1) [1,2,4,8,14,0] -> [1,2,4,8,14,1] 30

Lo que tienes que sumar 1 por el número de matches por la cantidad de cartas de ESTE ID que tengo